T	7.522625e+02	7.129179e+02	7.129179e+02	6.736025e+02	6.736025e+02	6.353156e+02	6.353156e+02	5.969938e+02	5.969938e+02	5.595069e+02	5.595069e+02	5.222276e+02	5.222276e+02	4.859411e+02	4.859411e+02	4.434652e+02	4.469113e+02
T0	7.531500e+02	7.522910e+02	7.522910e+02	6.753513e+02	6.753513e+02	6.746314e+02	6.746314e+02	5.994988e+02	5.994988e+02	5.988611e+02	5.988611e+02	5.259892e+02	5.259892e+02	5.254115e+02	5.254115e+02	4.494819e+02	4.494611e+02
T0rel	7.531500e+02	7.522910e+02	7.141926e+02	7.128748e+02	6.753513e+02	6.746314e+02	6.373144e+02	6.363052e+02	5.994988e+02	5.988611e+02	5.624301e+02	5.616451e+02	5.259892e+02	5.254115e+02	4.903643e+02	4.896248e+02	4.494611e+02
p	7.958418e+03	6.182946e+03	6.182946e+03	4.694682e+03	4.694682e+03	3.579294e+03	3.579294e+03	2.664672e+03	2.664672e+03	1.978543e+03	1.978543e+03	1.435506e+03	1.435506e+03	1.032917e+03	1.032917e+03	6.772996e+02	7.000146e+02
p0	8.000000e+03	7.835735e+03	7.835735e+03	4.748161e+03	4.748161e+03	4.649676e+03	4.649676e+03	2.713381e+03	2.713381e+03	2.653517e+03	2.653517e+03	1.480539e+03	1.480539e+03	1.445581e+03	1.445581e+03	7.182288e+02	7.175511e+02
p0rel	8.000000e+03	7.835735e+03	6.231660e+03	6.017735e+03	4.748161e+03	4.649676e+03	3.628491e+03	3.513402e+03	2.713381e+03	2.653517e+03	2.023499e+03	1.963790e+03	1.480539e+03	1.445581e+03	1.074036e+03	1.039302e+03	7.175511e+02
h	3.347963e+06	3.275089e+06	3.275089e+06	3.203271e+06	3.203271e+06	3.132448e+06	3.132448e+06	3.062202e+06	3.062202e+06	2.992922e+06	2.992922e+06	2.924301e+06	2.924301e+06	2.857046e+06	2.857046e+06	2.777894e+06	2.784514e+06
h0	3.349645e+06	3.349645e+06	3.349645e+06	3.206569e+06	3.206569e+06	3.206569e+06	3.206569e+06	3.066911e+06	3.066911e+06	3.066911e+06	3.066911e+06	2.931373e+06	2.931373e+06	2.931373e+06	2.931373e+06	2.789377e+06	2.789376e+06
h0rel	3.349645e+06	3.349645e+06	3.277498e+06	3.277498e+06	3.206569e+06	3.206569e+06	3.136210e+06	3.136210e+06	3.066911e+06	3.066911e+06	2.998413e+06	2.998413e+06	2.931373e+06	2.931373e+06	2.865386e+06	2.865386e+06	2.789376e+06
d	2.467485e+01	2.016580e+01	2.016580e+01	1.614192e+01	1.614192e+01	1.300946e+01	1.300946e+01	1.027135e+01	1.027135e+01	8.116184e+00	8.116184e+00	6.292239e+00	6.292239e+00	4.856708e+00	4.856708e+00	3.484532e+00	3.573255e+00
s	6.661264e+03	6.670164e+03	6.670164e+03	6.685203e+03	6.685203e+03	6.694257e+03	6.694257e+03	6.708227e+03	6.708227e+03	6.717927e+03	6.717927e+03	6.730985e+03	6.730985e+03	6.741429e+03	6.741429e+03	6.755827e+03	6.756239e+03
Z	9.289852e-01	9.318511e-01	9.318511e-01	9.355204e-01	9.355204e-01	9.383281e-01	9.383281e-01	9.415699e-01	9.415699e-01	9.440483e-01	9.440483e-01	9.465556e-01	9.465556e-01	9.482999e-01	9.482999e-01	9.496921e-01	9.497903e-01
a	6.424886e+02	6.269156e+02	6.269156e+02	6.112157e+02	6.112157e+02	5.951780e+02	5.951780e+02	5.786952e+02	5.786952e+02	5.616900e+02	5.616900e+02	5.440532e+02	5.440532e+02	5.258257e+02	5.258257e+02	5.028108e+02	5.048423e+02
mu	2.795130e-05	2.617429e-05	2.617429e-05	2.442428e-05	2.442428e-05	2.274513e-05	2.274513e-05	2.108856e-05	2.108856e-05	1.948973e-05	1.948973e-05	1.792559e-05	1.792559e-05	1.642838e-05	1.642838e-05	1.471742e-05	1.485532e-05
v	5.799634e+01	3.861500e+02	3.861500e+02	8.122153e+01	8.122153e+01	3.850226e+02	3.850226e+02	9.704691e+01	9.704691e+01	3.846786e+02	3.846786e+02	1.189280e+02	1.189280e+02	3.855554e+02	3.855554e+02	1.515420e+02	9.860188e+01
v_t	0.000000e+00	3.802835e+02	3.802835e+02	2.096073e+01	2.096073e+01	3.757930e+02	3.757930e+02	2.505296e+01	2.505296e+01	3.711172e+02	3.711172e+02	3.072409e+01	3.072409e+01	3.648107e+02	3.648107e+02	8.199423e+00	6.651157e+00
v_m	5.799634e+01	6.705425e+01	6.705425e+01	7.847028e+01	7.847028e+01	8.379721e+01	8.379721e+01	9.375740e+01	9.375740e+01	1.012404e+02	1.012404e+02	1.148909e+02	1.148909e+02	1.247644e+02	1.247644e+02	1.513200e+02	9.837730e+01
w	5.799634e+01	3.861500e+02	6.940186e+01	3.852964e+02	8.122153e+01	3.850226e+02	8.673654e+01	3.847279e+02	9.704691e+01	3.846786e+02	1.047956e+02	3.850001e+02	1.189280e+02	3.855554e+02	1.291502e+02	4.183109e+02	9.860188e+01
w_t	0.000000e+00	3.802835e+02	-1.789822e+01	-3.772210e+02	2.096073e+01	3.757930e+02	-2.238872e+01	-3.731288e+02	2.505296e+01	3.711172e+02	-2.706455e+01	-3.674577e+02	3.072409e+01	3.648107e+02	-3.337109e+01	-3.899823e+02	6.651157e+00
w_m	5.799634e+01	6.705425e+01	6.705425e+01	7.847028e+01	7.847028e+01	8.379721e+01	8.379721e+01	9.375740e+01	9.375740e+01	1.012404e+02	1.012404e+02	1.148909e+02	1.148909e+02	1.247644e+02	1.247644e+02	1.513200e+02	9.837730e+01
u	0.000000e+00	0.000000e+00	3.981818e+02	3.981818e+02	0.000000e+00	0.000000e+00	3.981818e+02	3.981818e+02	0.000000e+00	0.000000e+00	3.981818e+02	3.981818e+02	0.000000e+00	0.000000e+00	3.981818e+02	3.981818e+02	0.000000e+00
alpha	0.000000e+00	1.396263e+00	1.396263e+00	2.610226e-01	2.610226e-01	1.351398e+00	1.351398e+00	2.611100e-01	2.611100e-01	1.304477e+00	1.304477e+00	2.613054e-01	2.613054e-01	1.241268e+00	1.241268e+00	5.413303e-02	6.750593e-02
beta	0.000000e+00	1.396263e+00	-2.608403e-01	-1.365699e+00	2.610226e-01	1.351398e+00	-2.610791e-01	-1.324619e+00	2.611100e-01	1.304477e+00	-2.612211e-01	-1.267762e+00	2.613054e-01	1.241268e+00	-2.613549e-01	-1.200662e+00	6.750593e-02
Ma	9.026828e-02	6.159521e-01	6.159521e-01	1.328852e-01	1.328852e-01	6.469032e-01	6.469032e-01	1.676995e-01	1.676995e-01	6.848592e-01	6.848592e-01	2.185963e-01	2.185963e-01	7.332381e-01	7.332381e-01	3.013897e-01	1.953123e-01
Ma_rel	9.026828e-02	6.159521e-01	1.107037e-01	6.303771e-01	1.328852e-01	6.469032e-01	1.457321e-01	6.648196e-01	1.676995e-01	6.848592e-01	1.865719e-01	7.076515e-01	2.185963e-01	7.332381e-01	2.456141e-01	8.319448e-01	1.953123e-01
A	4.586761e-02	4.854221e-02	4.854221e-02	5.182041e-02	5.182041e-02	6.021054e-02	6.021054e-02	6.815981e-02	6.815981e-02	7.988320e-02	7.988320e-02	9.079682e-02	9.079682e-02	1.083250e-01	1.083250e-01	1.244860e-01	2.156160e-01
H	2.772733e-02	2.934415e-02	2.934415e-02	3.132585e-02	3.132585e-02	3.639775e-02	3.639775e-02	4.120314e-02	4.120314e-02	4.829003e-02	4.829003e-02	5.488740e-02	5.488740e-02	6.548333e-02	6.548333e-02	7.525275e-02	1.069968e-01
r_m	2.632802e-01	2.632802e-01	2.632802e-01	2.632802e-01	2.632802e-01	2.632802e-01	2.632802e-01	2.632802e-01	2.632802e-01	2.632802e-01	2.632802e-01	2.632802e-01	2.632802e-01	2.632802e-01	2.632802e-01	2.632802e-01	3.207231e-01
r_h	2.494165e-01	2.486081e-01	2.486081e-01	2.476172e-01	2.476172e-01	2.450813e-01	2.450813e-01	2.426786e-01	2.426786e-01	2.391351e-01	2.391351e-01	2.358365e-01	2.358365e-01	2.305385e-01	2.305385e-01	2.256538e-01	2.743921e-01
r_t	2.771438e-01	2.779522e-01	2.779522e-01	2.789431e-01	2.789431e-01	2.814790e-01	2.814790e-01	2.838817e-01	2.838817e-01	2.874252e-01	2.874252e-01	2.907239e-01	2.907239e-01	2.960218e-01	2.960218e-01	3.009065e-01	3.670541e-01
