T	7.525531e+02	7.133195e+02	7.133195e+02	6.742599e+02	6.742599e+02	6.360907e+02	6.360907e+02	5.978893e+02	5.978893e+02	5.605073e+02	5.605073e+02	5.233720e+02	5.233720e+02	4.871637e+02	4.871637e+02	4.424238e+02	4.458854e+02
T0	7.531500e+02	7.524001e+02	7.524001e+02	6.758080e+02	6.758080e+02	6.751561e+02	6.751561e+02	6.001592e+02	6.001592e+02	5.995792e+02	5.995792e+02	5.268559e+02	5.268559e+02	5.263339e+02	5.263339e+02	4.484604e+02	4.484393e+02
T0rel	7.531500e+02	7.524001e+02	7.145852e+02	7.132992e+02	6.758080e+02	6.751561e+02	6.379082e+02	6.369338e+02	6.001592e+02	5.995792e+02	5.632400e+02	5.624773e+02	5.268559e+02	5.263339e+02	4.914622e+02	4.907135e+02	4.484393e+02
p	7.972013e+03	6.210830e+03	6.210830e+03	4.727883e+03	4.727883e+03	3.614261e+03	3.614261e+03	2.696764e+03	2.696764e+03	2.008318e+03	2.008318e+03	1.460949e+03	1.460949e+03	1.054813e+03	1.054813e+03	6.771152e+02	7.000219e+02
p0	8.000000e+03	7.856560e+03	7.856560e+03	4.775493e+03	4.775493e+03	4.686110e+03	4.686110e+03	2.741340e+03	2.741340e+03	2.686682e+03	2.686682e+03	1.503271e+03	1.503271e+03	1.471497e+03	1.471497e+03	7.183333e+02	7.176521e+02
p0rel	8.000000e+03	7.856560e+03	6.259390e+03	6.050248e+03	4.775493e+03	4.686110e+03	3.659358e+03	3.547892e+03	2.741340e+03	2.686682e+03	2.050878e+03	1.992582e+03	1.503271e+03	1.471497e+03	1.095506e+03	1.060052e+03	7.176521e+02
h	3.348514e+06	3.275657e+06	3.275657e+06	3.204276e+06	3.204276e+06	3.133570e+06	3.133570e+06	3.063510e+06	3.063510e+06	2.994348e+06	2.994348e+06	2.925984e+06	2.925984e+06	2.858804e+06	2.858804e+06	2.775377e+06	2.782034e+06
h0	3.349645e+06	3.349645e+06	3.349645e+06	3.207196e+06	3.207196e+06	3.207196e+06	3.207196e+06	3.067775e+06	3.067775e+06	3.067775e+06	3.067775e+06	2.932531e+06	2.932531e+06	2.932531e+06	2.932531e+06	2.786908e+06	2.786907e+06
h0rel	3.349645e+06	3.349645e+06	3.278048e+06	3.278048e+06	3.207196e+06	3.207196e+06	3.136989e+06	3.136989e+06	3.067775e+06	3.067775e+06	2.999479e+06	2.999479e+06	2.932531e+06	2.932531e+06	2.866905e+06	2.866905e+06	2.786907e+06
d	2.470778e+01	2.024892e+01	2.024892e+01	1.624408e+01	1.624408e+01	1.312511e+01	1.312511e+01	1.038368e+01	1.038368e+01	8.227735e+00	8.227735e+00	6.393155e+00	6.393155e+00	4.950303e+00	4.950303e+00	3.493948e+00	3.583711e+00
s	6.661264e+03	6.669025e+03	6.669025e+03	6.683652e+03	6.683652e+03	6.691812e+03	6.691812e+03	6.705214e+03	6.705214e+03	6.713966e+03	6.713966e+03	6.726532e+03	6.726532e+03	6.735864e+03	6.735864e+03	6.750264e+03	6.750678e+03
Z	9.289732e-01	9.316862e-01	9.316862e-01	9.352989e-01	9.352989e-01	9.380015e-01	9.380015e-01	9.411889e-01	9.411889e-01	9.435759e-01	9.435759e-01	9.460528e-01	9.460528e-01	9.477085e-01	9.477085e-01	9.491039e-01	9.492082e-01
a	6.426054e+02	6.270306e+02	6.270306e+02	6.114278e+02	6.114278e+02	5.954173e+02	5.954173e+02	5.789859e+02	5.789859e+02	5.620193e+02	5.620193e+02	5.444683e+02	5.444683e+02	5.262828e+02	5.262828e+02	5.019932e+02	5.040479e+02
mu	2.796447e-05	2.619266e-05	2.619266e-05	2.445337e-05	2.445337e-05	2.277849e-05	2.277849e-05	2.112605e-05	2.112605e-05	1.953033e-05	1.953033e-05	1.797095e-05	1.797095e-05	1.647518e-05	1.647518e-05	1.467243e-05	1.481084e-05
v	4.756485e+01	3.846777e+02	3.846777e+02	7.641329e+01	7.641329e+01	3.837343e+02	3.837343e+02	9.236568e+01	9.236568e+01	3.832155e+02	3.832155e+02	1.144311e+02	1.144311e+02	3.839980e+02	3.839980e+02	1.518579e+02	9.871789e+01
v_t	0.000000e+00	3.788336e+02	3.788336e+02	1.976032e+01	1.976032e+01	3.753274e+02	3.753274e+02	2.388925e+01	2.388925e+01	3.705115e+02	3.705115e+02	2.960168e+01	2.960168e+01	3.637813e+02	3.637813e+02	-3.293643e+00	-2.671832e+00
v_m	4.756485e+01	6.679859e+01	6.679859e+01	7.381409e+01	7.381409e+01	7.988363e+01	7.988363e+01	8.922288e+01	8.922288e+01	9.785367e+01	9.785367e+01	1.105360e+02	1.105360e+02	1.229540e+02	1.229540e+02	1.518221e+02	9.868172e+01
w	4.756485e+01	3.846777e+02	6.915031e+01	3.841129e+02	7.641329e+01	3.837343e+02	8.269697e+01	3.833525e+02	9.236568e+01	3.832155e+02	1.013011e+02	3.833925e+02	1.144311e+02	3.839980e+02	1.272881e+02	4.278507e+02	9.871789e+01
w_t	0.000000e+00	3.788336e+02	-1.788052e+01	-3.769538e+02	1.976032e+01	3.753274e+02	-2.138678e+01	-3.728249e+02	2.388925e+01	3.705115e+02	-2.620265e+01	-3.671125e+02	2.960168e+01	3.637813e+02	-3.293288e+01	-4.000078e+02	-2.671832e+00
w_m	4.756485e+01	6.679859e+01	6.679859e+01	7.381409e+01	7.381409e+01	7.988363e+01	7.988363e+01	8.922288e+01	8.922288e+01	9.785367e+01	9.785367e+01	1.105360e+02	1.105360e+02	1.229540e+02	1.229540e+02	1.518221e+02	9.868172e+01
u	0.000000e+00	0.000000e+00	3.967142e+02	3.967142e+02	0.000000e+00	0.000000e+00	3.967142e+02	3.967142e+02	0.000000e+00	0.000000e+00	3.967142e+02	3.967142e+02	0.000000e+00	0.000000e+00	3.967142e+02	3.967142e+02	0.000000e+00
alpha	0.000000e+00	1.396263e+00	1.396263e+00	2.615705e-01	2.615705e-01	1.361088e+00	1.361088e+00	2.616117e-01	2.616117e-01	1.312588e+00	1.312588e+00	2.616613e-01	2.616613e-01	1.244862e+00	1.244862e+00	-2.169069e-02	-2.706863e-02
beta	0.000000e+00	1.396263e+00	-2.615465e-01	-1.377426e+00	2.615705e-01	1.361088e+00	-2.615894e-01	-1.335898e+00	2.616117e-01	1.312588e+00	-2.616358e-01	-1.278335e+00	2.616613e-01	1.244862e+00	-2.617042e-01	-1.208044e+00	-2.706863e-02
Ma	7.401875e-02	6.134912e-01	6.134912e-01	1.249752e-01	1.249752e-01	6.444797e-01	6.444797e-01	1.595301e-01	1.595301e-01	6.818547e-01	6.818547e-01	2.101703e-01	2.101703e-01	7.296420e-01	7.296420e-01	3.025098e-01	1.958502e-01
Ma_rel	7.401875e-02	6.134912e-01	1.102822e-01	6.282228e-01	1.249752e-01	6.444797e-01	1.388891e-01	6.621102e-01	1.595301e-01	6.818547e-01	1.802449e-01	7.041594e-01	2.101703e-01	7.296420e-01	2.418625e-01	8.523037e-01	1.958502e-01
A	5.585235e-02	4.852797e-02	4.852797e-02	5.474280e-02	5.474280e-02	6.260377e-02	6.260377e-02	7.084900e-02	7.084900e-02	8.152746e-02	8.152746e-02	9.288429e-02	9.288429e-02	1.078417e-01	1.078417e-01	1.237399e-01	2.143238e-01
H	3.386006e-02	2.941971e-02	2.941971e-02	3.318740e-02	3.318740e-02	3.795306e-02	3.795306e-02	4.295167e-02	4.295167e-02	4.942540e-02	4.942540e-02	5.631039e-02	5.631039e-02	6.537824e-02	6.537824e-02	7.501637e-02	1.066635e-01
r_m	2.625269e-01	2.625269e-01	2.625269e-01	2.625269e-01	2.625269e-01	2.625269e-01	2.625269e-01	2.625269e-01	2.625269e-01	2.625269e-01	2.625269e-01	2.625269e-01	2.625269e-01	2.625269e-01	2.625269e-01	2.625269e-01	3.197973e-01
r_h	2.455969e-01	2.478171e-01	2.478171e-01	2.459332e-01	2.459332e-01	2.435504e-01	2.435504e-01	2.410511e-01	2.410511e-01	2.378142e-01	2.378142e-01	2.343717e-01	2.343717e-01	2.298378e-01	2.298378e-01	2.250187e-01	2.736107e-01
r_t	2.794570e-01	2.772368e-01	2.772368e-01	2.791206e-01	2.791206e-01	2.815035e-01	2.815035e-01	2.840028e-01	2.840028e-01	2.872396e-01	2.872396e-01	2.906821e-01	2.906821e-01	2.952160e-01	2.952160e-01	3.000351e-01	3.659839e-01
